0.06965986394557823
0.603718820861678
1.1377777777777778
1.6486167800453515
2.159455782312925
2.693514739229025
3.2275736961451247
3.7384126984126986
4.249251700680272
4.783310657596372
5.317369614512471
5.828208616780046
6.339047619047619
6.873106575963718
7.383945578231293
7.894784580498866
8.312743764172335
8.777142857142858
9.241541950113378
9.752380952380953
10.263219954648527
10.797278911564625
11.3081179138322
11.842176870748299
12.353015873015874
12.863854875283447
13.397913832199546
13.908752834467121
14.44281179138322
14.953650793650795
15.487709750566893
15.998548752834466
16.50938775510204
17.04344671201814
17.57750566893424
18.088344671201813
18.622403628117915
19.13324263038549
19.644081632653062
20.17814058956916
20.688979591836734
21.223038548752836
21.73387755102041
22.267936507936508
22.77877551020408
23.312834467120183
23.823673469387757
24.357732426303855
24.86857142857143
25.33297052154195
25.797369614512473
26.261768707482993
26.726167800453513
27.237006802721087
27.74784580498866
28.281904761904762
28.792743764172336
29.326802721088434
29.837641723356008
30.37170068027211
30.882539682539683
31.41659863945578
31.927437641723355
32.43827664399093
32.97233560090703
33.483174603174604
33.99401360544218
34.528072562358275
35.03891156462585
35.57297052154195
36.08380952380952
36.617868480725626
37.1287074829932
37.63954648526077
38.17360544217687
38.684444444444445
39.21850340136054
39.72934240362812
40.263401360544215
40.77424036281179
41.308299319727894
41.81913832199547
42.353197278911566
42.86403628117914
43.39809523809524
43.90893424036281
44.44299319727891
44.95383219954648
45.464671201814056
45.99873015873016
46.509569160997735
47.04362811791383
47.55446712018141
48.06530612244898
48.59936507936508
49.13342403628118
49.64426303854875
50.178321995464856
50.68916099773243
51.22321995464853
51.7340589569161
52.2681179138322
52.77895691609977
53.31301587301587
53.823854875283445
54.35791383219954
54.868752834467124
55.3795918367347
55.913650793650795
56.42448979591837
56.95854875283447
57.46938775510204
57.933786848072565
58.39818594104308
58.862585034013605
59.32698412698413
59.8378231292517
60.348662131519276
60.882721088435375
61.39356009070295
61.92761904761905
62.43845804988662
62.94929705215419
63.48335600907029
63.994195011337865
64.52825396825396
65.03909297052154
65.57315192743764
66.08399092970521
66.59482993197278
67.0592290249433
67.52362811791383
67.98802721088435
68.45242630385488
68.96326530612245
69.47410430839003
70.00816326530612
70.5190022675737
71.02984126984127
71.56390022675737
72.07473922902494
72.60879818594104
73.11963718820861
73.65369614512471
74.16453514739229
74.69859410430838
75.20943310657596
75.74349206349207
76.25433106575964
76.78839002267574
77.29922902494332
77.83328798185941
78.34412698412699
78.85496598639456
79.38902494331066
79.89986394557823
80.43392290249433
80.9447619047619
81.478820861678
81.98965986394558
82.52371882086167
83.03455782312925
83.56861678004535
84.07945578231292
84.61351473922902
85.1243537414966
85.6584126984127
86.16925170068028
86.70331065759638
87.21414965986395
87.72498866213152
88.25904761904762
88.7698866213152
89.30394557823129
89.81478458049887
90.34884353741496
90.85968253968254
91.39374149659864
91.90458049886621
92.43863945578231
92.94947845804988
93.48353741496598
93.99437641723355
94.52843537414967
95.03927437641724
95.57333333333334
96.08417233560091
96.61823129251701
97.12907029478458
97.63990929705216
98.17396825396825
98.68480725623583
99.21886621315193
99.7297052154195
100.2637641723356
100.77460317460317
101.30866213151927
101.81950113378684
102.35356009070294
102.86439909297052
103.39845804988663
103.9092970521542
104.4433560090703
104.95419501133787
105.48825396825397
105.99909297052154
106.50993197278912
107.02077097505669
107.48517006802722
107.94956916099773
108.41396825396825
108.87836734693877
109.38920634920635
109.92326530612245
110.43410430839002
110.94494331065759
111.47900226757369
111.98984126984126
112.52390022675738
113.03473922902495
113.56879818594105
114.07963718820862
114.61369614512472
115.1245351473923
115.65859410430839
116.16943310657597
116.68027210884354
117.12145124716554
117.56263038548752
118.00380952380952
118.5146485260771
119.0487074829932
119.55954648526077
120.09360544217687
120.60444444444444
121.11528344671201
121.64934240362811
122.18340136054422
122.6942403628118
123.20507936507937
123.73913832199547
124.24997732426304
124.78403628117914
125.29487528344671
125.82893424036281
126.33977324263039
126.87383219954648
127.38467120181406
127.91873015873016
128.42956916099774
128.96362811791383
129.4744671201814
129.98530612244897
130.5193650793651
131.03020408163266
131.56426303854875
132.07510204081632
132.60916099773243
133.12
133.6540589569161
134.16489795918366
134.69895691609977
135.20979591836735
135.74385487528346
136.25469387755103
136.78875283446712
137.2995918367347
137.8336507936508
138.34448979591838
138.87854875283446
139.38938775510204
139.9002267573696
140.43428571428572
140.9451247165533
141.40952380952382
141.87392290249434
142.33832199546487
142.80272108843536
143.31356009070294
143.8243990929705
144.33523809523808
144.8692970521542
145.38013605442177
145.91419501133788
146.42503401360545
146.95909297052154
147.4699319727891
148.00399092970522
148.5148299319728
149.04888888888888
149.55972789115646
150.09378684807257
150.62784580498865
151.13868480725623
151.6495238095238
152.1835827664399
152.69442176870749
153.20526077097506
153.73931972789114
154.25015873015872
154.78421768707483
155.2950566893424
155.82911564625851
156.3399546485261
156.87401360544217
157.38485260770975
157.91891156462586
158.42975056689343
158.96380952380952
159.4746485260771
160.0087074829932
160.51954648526078
161.03038548752835
161.56444444444443
162.075283446712
162.60934240362812
163.1201814058957
163.6542403628118
164.16507936507938
164.69913832199546
165.20997732426304
165.74403628117915
166.25487528344672
166.7889342403628
167.29977324263038
167.81061224489795
168.34467120181407
168.85551020408164
169.38956916099772
169.9004081632653
170.4344671201814
170.94530612244898
171.47936507936507
171.99020408163264
172.52426303854875
173.03510204081633
173.56916099773244
174.08
